1 0.298698 0.745833 0.035937 0.165741
1 0.226042 0.721759 0.030208 0.180556
1 0.345833 0.761111 0.036458 0.192593
1 0.548958 0.893981 0.030208 0.206481
1 0.569531 0.627315 0.025521 0.165741
1 0.736198 0.659722 0.030729 0.171296
1 0.766927 0.817593 0.030729 0.109259
1 0.861458 0.631944 0.018750 0.163889
1 0.892708 0.627315 0.027083 0.149074
1 0.867708 0.493981 0.018750 0.095370
0 0.745313 0.417593 0.023958 0.064815
0 0.833333 0.376852 0.025000 0.070370
0 0.638021 0.503241 0.027083 0.067593
0 0.644531 0.634259 0.029687 0.201852
0 0.703906 0.650000 0.029687 0.196296
0 0.800260 0.871759 0.039062 0.128704
0 0.957552 0.907407 0.048438 0.133333
