0 0.506510 0.862037 0.044271 0.264815
0 0.360417 0.704167 0.048958 0.162037
0 0.479427 0.677778 0.047396 0.162963
0 0.744792 0.719444 0.036458 0.159259
0 0.616667 0.547685 0.025000 0.167593
0 0.632812 0.500000 0.023958 0.161111
1 0.665104 0.546759 0.033333 0.167593
1 0.581510 0.554167 0.028646 0.152778
1 0.543750 0.550926 0.027083 0.146296
1 0.440885 0.687500 0.034896 0.189815
1 0.126302 0.887037 0.042188 0.225926
1 0.036198 0.909722 0.035937 0.180556
1 0.678906 0.700000 0.036979 0.137037
1 0.741146 0.860185 0.036458 0.138889
1 0.326823 0.732870 0.033854 0.191667
0 0.158073 0.806481 0.025521 0.125926
