0 0.079427 0.711111 0.114062 0.272222
0 0.163021 0.403241 0.089583 0.226852
0 0.209115 0.238426 0.068229 0.300926
0 0.032552 0.223611 0.064062 0.312037
0 0.456510 0.198148 0.071354 0.255556
0 0.642708 0.168056 0.081250 0.260185
0 0.730990 0.411111 0.084896 0.427778
0 0.867448 0.312037 0.081771 0.316667
0 0.790365 0.217593 0.084896 0.188889
0 0.491406 0.600926 0.093229 0.287037
1 0.528385 0.306481 0.069271 0.200000
1 0.805469 0.431019 0.080729 0.260185
1 0.333073 0.857870 0.088021 0.284259
1 0.220573 0.790278 0.103646 0.276852
1 0.121094 0.914815 0.094271 0.170370
