1 0.640365 0.594907 0.066146 0.308333
1 0.476823 0.575926 0.052604 0.274074
1 0.961458 0.609722 0.077083 0.352778
1 0.869792 0.582407 0.038542 0.270370
1 0.684635 0.543056 0.047396 0.206481
1 0.553385 0.570833 0.048438 0.260185
1 0.363802 0.565278 0.042188 0.237963
1 0.258073 0.594907 0.060937 0.326852
1 0.156510 0.584259 0.041146 0.242593
1 0.037500 0.547685 0.058333 0.195370
1 0.182812 0.552778 0.032292 0.153704
0 0.122135 0.580556 0.055729 0.294444
0 0.402344 0.585185 0.047396 0.292593
0 0.722656 0.562037 0.058854 0.231481
0 0.753125 0.533333 0.040625 0.205556
