0 0.374219 0.795370 0.043229 0.203704
0 0.246875 0.782407 0.041667 0.083333
0 0.323698 0.621759 0.034896 0.143519
0 0.358333 0.659259 0.027083 0.077778
0 0.499219 0.591204 0.030729 0.162037
0 0.573698 0.572685 0.032813 0.139815
0 0.639844 0.593519 0.034896 0.187037
0 0.722656 0.738426 0.048438 0.106481
0 0.772135 0.843056 0.041146 0.189815
1 0.321615 0.773611 0.044271 0.158333
1 0.598437 0.606019 0.025000 0.173148
1 0.689323 0.706481 0.029687 0.135185
1 0.732552 0.877778 0.039062 0.194444
1 0.854167 0.495833 0.016667 0.108333
0 0.800781 0.501389 0.023438 0.086111
