0 0.123366 0.191262 0.083333 0.262136
0 0.332516 0.190291 0.076797 0.267961
0 0.544118 0.189320 0.084967 0.281553
0 0.767974 0.181553 0.084967 0.269903
0 0.887255 0.189320 0.081699 0.269903
0 0.223039 0.486408 0.083333 0.262136
0 0.333333 0.492233 0.068627 0.262136
0 0.434641 0.492233 0.084967 0.254369
0 0.545752 0.493204 0.081699 0.271845
0 0.781046 0.486408 0.088235 0.262136
0 0.107843 0.792233 0.084967 0.264078
0 0.556373 0.792233 0.066993 0.267961
0 0.776961 0.797087 0.066993 0.269903
0 0.888889 0.799029 0.081699 0.266019
1 0.225490 0.192233 0.088235 0.260194
1 0.437908 0.191262 0.062092 0.254369
1 0.665033 0.192233 0.081699 0.260194
1 0.113562 0.489320 0.099673 0.264078
1 0.667484 0.493204 0.073529 0.260194
1 0.883170 0.500000 0.053922 0.246602
1 0.223856 0.801942 0.062092 0.244660
1 0.348856 0.793204 0.096405 0.258252
1 0.442810 0.804854 0.058824 0.246602
1 0.669935 0.802913 0.068627 0.258252
