0 0.094771 0.257914 0.160131 0.478585
0 0.522876 0.269088 0.130719 0.459963
0 0.765523 0.253259 0.138889 0.487896
0 0.917484 0.258845 0.142157 0.480447
0 0.924020 0.735568 0.129085 0.461825
0 0.785131 0.740223 0.135621 0.463687
0 0.519608 0.746741 0.147059 0.465549
0 0.089869 0.738361 0.140523 0.471136
1 0.244281 0.272812 0.125817 0.448790
1 0.375000 0.281192 0.138889 0.446927
1 0.637255 0.278399 0.104575 0.441341
1 0.229575 0.741155 0.112745 0.454376
1 0.370098 0.750466 0.142157 0.450652
1 0.659314 0.750466 0.109477 0.443203
