0 0.053646 0.542130 0.072917 0.276852
0 0.176823 0.543519 0.047396 0.250000
0 0.715104 0.535185 0.048958 0.259259
0 0.421094 0.518981 0.034896 0.156481
0 0.846354 0.568056 0.140625 0.489815
1 0.753906 0.570833 0.055729 0.334259
1 0.495573 0.557870 0.045312 0.232407
1 0.463021 0.550463 0.034375 0.226852
0 0.542188 0.536111 0.027083 0.161111
1 0.588281 0.535185 0.026562 0.144444
1 0.630729 0.536574 0.035417 0.150926
1 0.652865 0.536574 0.027604 0.156481
1 0.323437 0.627778 0.081250 0.487037
1 0.217969 0.544907 0.039062 0.263889
